version https://git-lfs.github.com/spec/v1
oid sha256:a540d85004a6a90991cc4f6e56c15083c4d6699fe1bb5da50fb4f2bef0f546d4
size 242
