version https://git-lfs.github.com/spec/v1
oid sha256:6d22890cc992209b1814350758da6e2bdcb49e46387a8065b2f9d2d6f8d986f5
size 742
