version https://git-lfs.github.com/spec/v1
oid sha256:f5c045024616203a0e1ba61ce7d46bc937733c15c23f14f59454d1cfc15467a9
size 84
