version https://git-lfs.github.com/spec/v1
oid sha256:80f48e1abf04011ba015a13e89bd4b30cbac2493efd76dc41dc5f2ff564e1492
size 27
