version https://git-lfs.github.com/spec/v1
oid sha256:1935cfa270e44c4afdb682ee3b269be0bec1b98d9919634e2691b2aa01a6c0b6
size 124
