version https://git-lfs.github.com/spec/v1
oid sha256:9279324e2ac40924fdf370bbb6cad37643c721f972fa9aec25b69871b492add2
size 1433
