version https://git-lfs.github.com/spec/v1
oid sha256:7ed476312cc66230857a63450d73ec3a50932d8de12274596660e8e76049ca54
size 2301
