version https://git-lfs.github.com/spec/v1
oid sha256:063ba15c71dadb2bdf9523eb09e2449d5d44b72717922e49e4913f70cb826ae1
size 380
