version https://git-lfs.github.com/spec/v1
oid sha256:508bc988ad22ee1bc33c3d05611ecd8095b6d1f6c2cf8bca26f5ab1c5911db75
size 362
