version https://git-lfs.github.com/spec/v1
oid sha256:bdd9605f837fc0bb9932ea09e43c819577aa8ea4f2d1e7e2aa034765c6c5f5e0
size 679
