version https://git-lfs.github.com/spec/v1
oid sha256:9693cd62899e84f3c7a48b05493d564b11cc49dc0a450c506a90c2fcc5d561a6
size 101
