version https://git-lfs.github.com/spec/v1
oid sha256:6eefb7f42c84e3262b2e3eb6b5688874b29401fefbf51bae6728d871f6383967
size 360
