version https://git-lfs.github.com/spec/v1
oid sha256:349ec4fa1c6e8780c2ee5e4b1d82bea168574e52587a5819b5c0cda5ed33cd94
size 44
