version https://git-lfs.github.com/spec/v1
oid sha256:bab65e67da12c54812d3dc9444ca0489203d247c2546ab29c8b72b528d13d8e0
size 347
