version https://git-lfs.github.com/spec/v1
oid sha256:d2da3444bd7a1d520f5097f4cbe45c5762be43c8c4eec651da38b33a45f77e0e
size 747
