version https://git-lfs.github.com/spec/v1
oid sha256:f26cb5477bf57b710db28a7db7664f2a01e3cf56fdca444fb2e2606e94368e29
size 58
