version https://git-lfs.github.com/spec/v1
oid sha256:903da584d31d2e53c000fd6efeb12f959df26282e849900372015fab7319db17
size 360
