version https://git-lfs.github.com/spec/v1
oid sha256:671d87a83a8fc3a8daec53dacc873307dc8733fcf1c8c907a647250b95db1a9b
size 44
