version https://git-lfs.github.com/spec/v1
oid sha256:d053015f44bef79c611c1abdeb99cbe2fa8a36ecb5a869173d84559277078eec
size 654
